a280_n279_bounded-strongly-corr_08.ttp: 76588.0 130900.0 161500.0 2613 3215.556943202254 -154814.33650280576 1480
a280_n279_bounded-strongly-corr_03.ttp: 15191.0 62617.0 78117.0 2613 3179.970282572778 -52484.379505264005 807
a280_n279_bounded-strongly-corr_07.ttp: 61033.0 120519.0 148219.0 2613 3219.46467393138 -132228.56774616247 579
a280_n279_bounded-strongly-corr_01.ttp: 2946.0 22990.0 31390.0 2613 3153.0525442401517 -20004.756471114473 566
a280_n279_bounded-strongly-corr_09.ttp: 93265.0 140159.0 173159.0 2613 3205.6070849401176 -178015.25615518988 605
a280_n279_bounded-strongly-corr_04.ttp: 24290.0 79454.0 98554.0 2613 3202.199173439991 -70490.09436589712 568
a280_n279_bounded-strongly-corr_02.ttp: 8293.0 43579.0 55679.0 2613 3146.865564300203 -35674.5073316349 625
a280_n279_bounded-strongly-corr_06.ttp: 48424.0 107192.0 132392.0 2613 3202.748068993291 -110280.22118762165 528
a280_n279_bounded-strongly-corr_05.ttp: 34473.0 95207.0 118007.0 2613 3228.0936262791156 -89623.98204227269 533
a280_n279_bounded-strongly-corr_10.ttp: 109332.0 150028.0 184628.0 2613 3202.4979713807406 -201881.48016594158 561